-923.5333333333333
-894.2666666666667
-832.5333333333333
-683.2666666666667
-653.5333333333333
-605.2666666666667
-576.9333333333333
-493.0
-545.2
-510.53333333333336
-543.4666666666667
-497.8
-483.26666666666665
-453.4
-493.26666666666665
-446.1333333333333
-459.6666666666667
-469.06666666666666
-449.3333333333333
-445.26666666666665
-455.46666666666664
-496.53333333333336
-441.1333333333333
-430.93333333333334
-460.46666666666664
-437.3333333333333
-473.93333333333334
-489.6666666666667
-418.8666666666667
-454.3333333333333
-499.46666666666664
-452.06666666666666
-471.8666666666667
-488.3333333333333
-465.2
-476.4
-451.53333333333336
-451.6666666666667
-474.0
-453.06666666666666
-498.8666666666667
-449.06666666666666
-440.6666666666667
-438.0
-462.46666666666664
-455.46666666666664
-427.8
-465.46666666666664
-442.1333333333333
-469.6
-453.8
-494.6
-459.6
-443.3333333333333
-471.1333333333333
-442.6666666666667
-427.46666666666664
-511.1333333333333
-456.0
-428.8666666666667
-387.6666666666667
-444.1333333333333
-440.73333333333335
-468.8666666666667
-434.1333333333333
-417.93333333333334
-438.46666666666664
-438.2
-441.0
-415.1333333333333
-447.26666666666665
-403.53333333333336
-425.73333333333335
-386.06666666666666
-403.1333333333333
-399.93333333333334
-449.93333333333334
-422.1333333333333
-471.8666666666667
-452.3333333333333
-417.1333333333333
-391.8666666666667
-452.26666666666665
-471.2
-458.93333333333334
-420.0
-434.26666666666665
-422.4
-424.93333333333334
-421.8666666666667
-403.2
-439.4
-369.06666666666666
-464.73333333333335
-440.46666666666664
-441.46666666666664
-417.8666666666667
-392.26666666666665
-392.1333333333333
-408.8666666666667
-398.26666666666665
-419.3333333333333
-395.6666666666667
-411.0
-435.3333333333333
-449.6
-418.8666666666667
-417.93333333333334
-459.26666666666665
-443.3333333333333
-355.6
-446.3333333333333
-440.73333333333335
-450.0
-413.46666666666664
-423.46666666666664
-394.2
-420.8
-436.26666666666665
-413.6
-434.8666666666667
-474.3333333333333
-444.93333333333334
-452.4
-440.93333333333334
-392.6
-423.4
-405.6666666666667
-404.1333333333333
-443.26666666666665
-478.0
-425.53333333333336
-433.6
-411.8
-411.73333333333335
-453.06666666666666
-407.06666666666666
-434.93333333333334
-394.2
-401.06666666666666
-401.6
-422.3333333333333
-398.6666666666667
-385.73333333333335
-403.8666666666667
-407.2
-390.8
-433.6
-384.53333333333336
-417.06666666666666
-443.8
-408.06666666666666
-376.8666666666667
-424.3333333333333
-402.73333333333335
-427.4
-382.6666666666667
-422.4
-426.4
-443.6666666666667
-390.93333333333334
-415.1333333333333
-434.46666666666664
-463.93333333333334
-437.6
-426.26666666666665
-429.8
-406.3333333333333
-435.26666666666665
-402.93333333333334
-447.1333333333333
-413.0
-447.3333333333333
-420.06666666666666
-410.0
-422.6
-414.4
-392.93333333333334
-393.8666666666667
-364.93333333333334
-408.0
-417.26666666666665
-412.06666666666666
-417.93333333333334
-395.6
-385.0
-476.0
-422.8666666666667
-449.93333333333334
-424.1333333333333
-402.6666666666667
-407.73333333333335
-408.3333333333333
-410.6
-410.06666666666666
-456.0
-435.6
-439.26666666666665
-418.1333333333333
-409.46666666666664
-396.06666666666666
-400.6666666666667
-412.26666666666665
-403.3333333333333
-426.0
-409.6
-443.06666666666666
-422.93333333333334
-440.73333333333335
-441.3333333333333
-432.3333333333333
-409.3333333333333
-410.1333333333333
-384.1333333333333
-402.8666666666667
-417.4
-427.8666666666667
-418.4
-370.8
-437.93333333333334
-383.3333333333333
-403.3333333333333
-408.73333333333335
-403.4
-388.6
-437.1333333333333
-390.6666666666667
-424.6666666666667
-398.53333333333336
-395.4
-414.06666666666666
-382.6666666666667
-384.8666666666667
-414.26666666666665
-412.3333333333333
-350.53333333333336
-383.06666666666666
-418.73333333333335
-409.8
-420.26666666666665
-410.06666666666666
-397.3333333333333
-384.26666666666665
-431.0
-411.73333333333335
-383.4
-410.53333333333336
-382.6
-442.6
-400.53333333333336
-410.6666666666667
-383.8666666666667
-399.2
-393.53333333333336
-429.2
-374.73333333333335
-375.26666666666665
-383.4
-343.6666666666667
-358.93333333333334
-361.53333333333336
-372.06666666666666
-334.8
-377.26666666666665
-415.93333333333334
-381.0
-382.0
-380.73333333333335
-388.06666666666666
-409.3333333333333
-401.1333333333333
-404.53333333333336
-412.1333333333333
-380.2
-380.93333333333334
-359.26666666666665
-430.46666666666664
-389.6
-367.4
-401.6
-390.4
-372.1333333333333
-415.8
-415.26666666666665
-377.4
-362.53333333333336
-356.53333333333336
-362.0
-350.53333333333336
-316.3333333333333
-348.2
-360.3333333333333
-400.46666666666664
-401.8666666666667
-327.6666666666667
-356.26666666666665
-361.26666666666665
-414.2
-396.46666666666664
-379.73333333333335
-373.6
-362.1333333333333
-370.8
-397.4
-377.8
-350.6
-401.8666666666667
-387.6666666666667
-380.06666666666666
-335.6
-362.53333333333336
-383.73333333333335
-363.0
-385.06666666666666
-374.4
-321.46666666666664
-384.6
-289.2
-385.1333333333333
-370.26666666666665
-365.73333333333335
-395.8
-359.3333333333333
-377.4
-344.53333333333336
-386.53333333333336
-408.06666666666666
-405.8666666666667
-357.06666666666666
-447.6666666666667
-375.93333333333334
-408.2
-420.0
-419.8666666666667
-353.0
-381.4
-393.6666666666667
-389.8
-345.6666666666667
-340.26666666666665
-425.0
-391.6666666666667
-373.06666666666666
-366.93333333333334
-346.73333333333335
-407.0
-427.0
-365.93333333333334
-408.6666666666667
-353.4
-358.06666666666666
-366.1333333333333
-380.1333333333333
-423.0
-420.46666666666664
-391.2
-344.8666666666667
-375.3333333333333
-370.8666666666667
-374.4
-386.93333333333334
-389.0
-378.8
-404.6666666666667
-337.6666666666667
-344.8666666666667
-371.4
-403.2
-367.06666666666666
-343.4
-372.0
-422.1333333333333
-349.8
-417.1333333333333
-345.0
-396.8666666666667
-385.8
-419.6
-403.93333333333334
-402.2
-371.06666666666666
-389.53333333333336
-389.06666666666666
-403.06666666666666
-349.6
-351.8666666666667
-360.46666666666664
-359.8666666666667
-336.0
-346.8666666666667
-368.46666666666664
-372.1333333333333
-350.93333333333334
-337.6666666666667
-370.6666666666667
-385.4
-400.26666666666665
-379.2
-367.3333333333333
-383.4
-375.93333333333334
-357.2
-371.73333333333335
-386.2
-395.0
-351.2
-422.93333333333334
-395.8
-364.2
-397.0
-357.93333333333334
-353.93333333333334
-342.73333333333335
-411.0
-385.4
-387.73333333333335
-371.8
-380.93333333333334
-399.3333333333333
-407.6666666666667
-366.93333333333334
-363.8
-391.26666666666665
-392.4
-328.8
-351.53333333333336
-378.46666666666664
-342.26666666666665
-334.2
-362.4
-388.8
-393.2
-341.0
-380.6666666666667
-345.6666666666667
-354.6
-407.6666666666667
-314.26666666666665
-363.46666666666664
-359.06666666666666
-348.0
-380.26666666666665
-364.1333333333333
-345.8666666666667
-320.6
-350.93333333333334
-378.0
-332.06666666666666
-311.4
-372.8
-399.0
-376.53333333333336
-396.3333333333333
-351.53333333333336
-347.3333333333333
-372.3333333333333
-412.93333333333334
-376.0
-369.93333333333334
-354.73333333333335
-375.3333333333333
-386.0
-356.53333333333336
-395.2
-360.6666666666667
-357.8
-357.8666666666667
-353.8
-365.06666666666666
-357.8
-379.06666666666666
-411.6
-340.46666666666664
-383.6
-386.46666666666664
-368.8666666666667
-376.8
-372.6666666666667
-372.8666666666667
-356.0
-344.4
-357.6666666666667
-380.8666666666667
-387.93333333333334
-354.93333333333334
-361.4
-353.3333333333333
-340.1333333333333
-387.1333333333333
-401.0
-364.6
-324.0
-357.26666666666665
-336.0
-307.93333333333334
-324.4
-327.06666666666666
-282.3333333333333
-372.06666666666666
-368.6
