-494.0
-672.0
-332.0
-492.0
-380.0
-290.0
-250.0
-206.0
-358.0
-278.0
-264.0
-268.0
-134.0
-216.0
-164.0
-182.0
-186.0
-240.0
-18.0
-188.0
-100.0
-254.0
-144.0
-214.0
-230.0
-174.0
-66.0
-246.0
-238.0
-188.0
-218.0
-168.0
-192.0
-260.0
-148.0
-208.0
2.0
-132.0
-190.0
-168.0
-228.0
-268.0
68.0
-76.0
-162.0
-218.0
-228.0
-186.0
-70.0
-132.0
-250.0
-232.0
-160.0
-200.0
-190.0
-58.0
-78.0
-344.0
-144.0
-52.0
-112.0
-184.0
-176.0
-152.0
-142.0
-146.0
-242.0
-180.0
-210.0
-38.0
-176.0
-150.0
-142.0
-124.0
-140.0
-130.0
-196.0
-28.0
-122.0
-122.0
-138.0
-110.0
-198.0
-174.0
-296.0
-114.0
-156.0
-152.0
-186.0
-100.0
-156.0
-102.0
-152.0
-220.0
-116.0
-200.0
-196.0
-114.0
-150.0
-184.0
126.0
-158.0
-154.0
-140.0
-174.0
-156.0
-110.0
-120.0
-232.0
-204.0
-100.0
-198.0
-130.0
-234.0
-154.0
-224.0
-104.0
-118.0
-178.0
-70.0
-234.0
-190.0
-194.0
-190.0
-56.0
-44.0
-178.0
-28.0
-130.0
-126.0
-186.0
-144.0
-88.0
-68.0
-74.0
-214.0
-68.0
-182.0
-44.0
-92.0
-102.0
-142.0
-76.0
-22.0
-132.0
24.0
-52.0
-132.0
-136.0
-54.0
-184.0
-178.0
-152.0
-258.0
-52.0
-180.0
-96.0
-138.0
-180.0
-102.0
-82.0
-100.0
-234.0
-236.0
-136.0
-132.0
-198.0
-116.0
-250.0
-80.0
-248.0
-76.0
-138.0
-188.0
-188.0
-250.0
-188.0
-142.0
-84.0
-26.0
-122.0
-188.0
-60.0
-98.0
-252.0
-56.0
-260.0
-134.0
-148.0
-160.0
-112.0
-82.0
-138.0
-158.0
-262.0
-198.0
-144.0
-198.0
-110.0
-242.0
-84.0
-84.0
-270.0
-222.0
-92.0
-102.0
-178.0
-168.0
-278.0
-98.0
-156.0
18.0
-226.0
-210.0
-54.0
-108.0
-186.0
-114.0
-84.0
-228.0
-38.0
-112.0
-68.0
-108.0
-180.0
-160.0
-160.0
-176.0
-164.0
-116.0
-214.0
-142.0
-222.0
-136.0
-192.0
-56.0
-66.0
-198.0
-152.0
-198.0
-242.0
-180.0
-32.0
-188.0
-126.0
-148.0
-86.0
-92.0
-116.0
-158.0
-176.0
4.0
-96.0
-114.0
-118.0
-20.0
-6.0
-98.0
-88.0
-138.0
-64.0
-168.0
-74.0
-108.0
-190.0
-70.0
-166.0
-108.0
-26.0
0.0
-142.0
-236.0
-210.0
-122.0
-56.0
-88.0
-204.0
-102.0
-86.0
-138.0
-178.0
-220.0
-222.0
-20.0
68.0
-138.0
-194.0
-52.0
-140.0
8.0
-142.0
-60.0
-36.0
-110.0
54.0
-88.0
-176.0
-144.0
14.0
-202.0
-58.0
-74.0
-154.0
-78.0
-52.0
-122.0
-128.0
-90.0
-94.0
-80.0
-122.0
-234.0
-120.0
-104.0
-170.0
50.0
-82.0
-20.0
-126.0
-124.0
-156.0
-136.0
-134.0
-118.0
0.0
-164.0
-132.0
-206.0
-124.0
-264.0
-84.0
-180.0
-108.0
-170.0
-44.0
-62.0
-228.0
-146.0
-122.0
-92.0
-218.0
-50.0
34.0
24.0
-114.0
-190.0
-212.0
-154.0
-234.0
12.0
-116.0
-90.0
-92.0
-248.0
-190.0
-44.0
-72.0
-104.0
-122.0
-118.0
-38.0
-170.0
-60.0
-150.0
-100.0
-148.0
-144.0
-70.0
-166.0
0.0
-128.0
-164.0
-154.0
-172.0
-68.0
-42.0
-54.0
-58.0
-80.0
-242.0
16.0
-164.0
-30.0
-222.0
-84.0
108.0
-76.0
92.0
-84.0
-78.0
-114.0
-212.0
-82.0
-102.0
-94.0
-32.0
92.0
-124.0
-124.0
-32.0
-74.0
-142.0
-30.0
-110.0
-198.0
20.0
-28.0
-128.0
-92.0
-68.0
-34.0
-4.0
-54.0
-96.0
-22.0
-112.0
-32.0
-44.0
-118.0
-96.0
-102.0
-122.0
-180.0
-104.0
-114.0
-144.0
8.0
-114.0
-88.0
-8.0
-118.0
-254.0
18.0
-134.0
-76.0
-66.0
-274.0
-142.0
-76.0
-134.0
-90.0
-148.0
-10.0
26.0
-98.0
-154.0
-30.0
-18.0
-94.0
-44.0
-210.0
-162.0
-86.0
-84.0
-94.0
-142.0
-100.0
-172.0
-204.0
-124.0
-164.0
-108.0
-198.0
-68.0
-10.0
-82.0
8.0
-122.0
-20.0
-26.0
-106.0
8.0
-94.0
8.0
-88.0
-42.0
-134.0
-144.0
-78.0
-152.0
-36.0
-78.0
26.0
-128.0
-88.0
-84.0
-74.0
-106.0
-128.0
-152.0
-120.0
70.0
-84.0
-56.0
32.0
-90.0
-84.0
-110.0
-110.0
-2.0
