-978.8166666666667
-849.1
-696.6333333333333
-612.1166666666667
-566.9166666666666
-523.0666666666667
-494.15
-479.26666666666665
-455.0
-429.28333333333336
-444.4166666666667
-436.85
-422.2
-413.98333333333335
-405.78333333333336
-429.8333333333333
-431.98333333333335
-439.8333333333333
-415.31666666666666
-399.2
-412.9
-388.6
-402.3
-398.3833333333333
-384.95
-379.5833333333333
-387.95
-395.28333333333336
-394.2
-387.23333333333335
-388.05
-390.6666666666667
-377.3666666666667
-404.53333333333336
-383.53333333333336
-385.73333333333335
-382.1666666666667
-406.93333333333334
-392.48333333333335
-404.1166666666667
-394.03333333333336
-381.8333333333333
-359.93333333333334
-372.68333333333334
-373.4166666666667
-368.85
-384.0833333333333
-402.25
-357.05
-354.65
-364.26666666666665
-375.0
-359.3666666666667
-385.05
-383.3333333333333
-377.0
-366.3666666666667
-358.68333333333334
-375.1666666666667
-362.5
-387.73333333333335
-362.93333333333334
-365.3
-342.1666666666667
-347.65
-349.7
-358.7
-365.98333333333335
-364.4
-349.0
-342.6
-352.3833333333333
-352.18333333333334
-376.93333333333334
-373.3833333333333
-364.8833333333333
-364.23333333333335
-383.18333333333334
-345.46666666666664
-358.8833333333333
-347.8666666666667
-344.65
-353.21666666666664
-342.0
-343.23333333333335
-362.6166666666667
-331.51666666666665
-345.9
-339.9166666666667
-343.31666666666666
-335.06666666666666
-349.81666666666666
-342.85
-357.8666666666667
-357.73333333333335
-335.21666666666664
-334.1166666666667
-329.4
-333.15
-330.25
