-724.0
-640.0
-471.0
-316.0
-295.0
-217.0
-315.0
-226.0
-250.0
-219.0
-277.0
-140.0
-205.0
-224.0
-213.0
-233.0
-202.0
-106.0
-219.0
-171.0
-231.0
-179.0
-234.0
-179.0
-215.0
-141.0
-172.0
-207.0
-168.0
-193.0
-122.0
-228.0
-135.0
-219.0
-197.0
-143.0
-181.0
-96.0
-114.0
-236.0
-237.0
-134.0
-197.0
-55.0
-169.0
-164.0
-183.0
-205.0
-106.0
-125.0
-180.0
-174.0
-171.0
-168.0
-93.0
-240.0
-91.0
-151.0
-154.0
-142.0
-156.0
-31.0
-164.0
-161.0
-124.0
-156.0
-96.0
-232.0
-183.0
-203.0
-150.0
-52.0
-124.0
-139.0
-165.0
-168.0
-155.0
-167.0
-127.0
-171.0
-76.0
-166.0
-122.0
-152.0
-86.0
-120.0
-116.0
-183.0
-111.0
-129.0
-172.0
-73.0
-102.0
-107.0
-230.0
-153.0
-87.0
-145.0
-153.0
-140.0
