-972.4899999999682
-661.2299999999866
-429.1299999999995
-396.3000000000004
-399.38999999999993
-393.8700000000003
-368.6800000000009
-364.1300000000009
-367.080000000001
-368.76000000000096
-355.120000000001
-361.69000000000085
-373.11000000000064
-358.98000000000104
-363.1800000000011
-360.20000000000107
-358.140000000001
-356.48000000000104
-363.5800000000011
-353.75000000000136
-366.6900000000009
-351.51000000000107
-356.63000000000125
-371.30000000000064
-334.2900000000013
-349.5000000000011
-358.000000000001
-369.5200000000012
-362.09000000000094
-364.0100000000014
-362.1100000000009
-359.10000000000076
-352.36000000000126
-358.8600000000009
-343.53000000000117
-347.7000000000011
-352.74000000000103
-347.76000000000124
-345.50000000000097
-345.56000000000125
-338.1800000000011
-351.1200000000015
-342.1400000000014
-341.7100000000015
-348.1700000000012
-366.1000000000011
-359.91000000000105
-343.26000000000147
-339.03000000000117
-362.9300000000006
-357.2600000000011
-354.3600000000014
-343.9200000000013
-346.75000000000136
-347.650000000001
-335.67000000000155
-355.85000000000105
-356.44000000000085
-352.6900000000011
-341.2400000000018
-334.66000000000133
-356.18000000000126
-359.69000000000096
-346.17000000000127
-357.100000000001
-356.27000000000095
-342.3300000000015
-339.520000000001
-330.0400000000017
-345.2400000000015
-340.8400000000014
-339.1900000000013
-325.8800000000018
-346.1300000000014
-369.77000000000066
-343.99000000000115
-327.51000000000147
-352.79000000000116
-369.760000000001
-335.65000000000157
-347.5700000000016
-340.94000000000136
-340.3200000000015
-338.7800000000013
-337.73000000000155
-332.430000000002
-352.2800000000012
-356.47000000000105
-355.08000000000106
-351.1700000000011
-354.37000000000114
-342.93000000000137
-339.7000000000015
-349.97000000000133
-331.25000000000153
-367.1000000000008
-336.17000000000166
-369.60000000000065
-360.180000000001
-350.30000000000126
