-713.1999999999813
-576.799999999993
-348.0000000000019
-291.00000000000233
-341.80000000000035
-314.8000000000016
-306.60000000000275
-272.0000000000031
-305.000000000002
-275.20000000000283
-213.4000000000031
-302.00000000000136
-286.80000000000354
-277.20000000000294
-257.4000000000035
-284.40000000000236
-268.8000000000033
-296.2000000000023
-258.8000000000031
-295.00000000000296
-268.20000000000306
-281.00000000000296
-281.0000000000025
-297.2000000000018
-269.00000000000284
-271.00000000000296
-279.60000000000264
-283.6000000000026
-283.40000000000214
-281.4000000000034
-287.0000000000022
-275.00000000000296
-289.00000000000216
-261.2000000000038
-224.40000000000293
-289.6000000000031
-220.20000000000314
-274.8000000000029
-187.8000000000026
-292.00000000000233
-280.0000000000024
-267.60000000000315
-232.80000000000365
-269.20000000000323
-283.00000000000324
-276.8000000000029
-320.60000000000207
-254.40000000000376
-189.8000000000017
-247.40000000000384
-282.2000000000028
-285.8000000000025
-284.0000000000028
-285.8000000000032
-238.80000000000325
-280.600000000002
-276.00000000000233
-261.20000000000283
-284.80000000000234
-254.20000000000366
-265.4000000000038
-274.6000000000035
-292.4000000000031
-282.6000000000023
-311.8000000000023
-282.8000000000027
-248.20000000000383
-256.6000000000035
-266.4000000000033
-246.8000000000028
-268.400000000003
-286.400000000003
-211.00000000000242
-280.0000000000036
-310.2000000000017
-273.200000000003
-253.80000000000385
-289.00000000000256
-278.8000000000028
-270.8000000000038
-285.0000000000028
-270.4000000000032
-262.00000000000324
-271.4000000000027
-265.20000000000323
-257.00000000000364
-251.80000000000388
-292.8000000000035
-280.40000000000214
-218.80000000000334
-311.0000000000038
-245.60000000000346
-274.4000000000034
-285.2000000000028
-242.00000000000375
-281.400000000002
-246.00000000000344
-291.8000000000019
-306.4000000000025
-308.0000000000021
