-964.4666666666667
-854.95
-698.0
-646.1
-544.7166666666667
-524.6833333333333
-514.2333333333333
-475.5833333333333
-492.3833333333333
-459.03333333333336
-425.5833333333333
-428.93333333333334
-420.6333333333333
-421.6
-410.9
-427.76666666666665
-404.01666666666665
-415.35
-434.75
-417.75
-417.51666666666665
-416.4166666666667
-395.18333333333334
-412.6666666666667
-399.9166666666667
-397.3833333333333
-395.25
-407.98333333333335
-424.15
-390.28333333333336
-399.51666666666665
-401.75
-406.9166666666667
-384.75
-418.6666666666667
-408.98333333333335
-379.7
-404.56666666666666
-391.3
-389.45
-394.8333333333333
-389.05
-376.65
-419.3
-403.26666666666665
-397.9166666666667
-400.1333333333333
-415.76666666666665
-409.6666666666667
-367.23333333333335
-378.23333333333335
-402.96666666666664
-380.31666666666666
-394.25
-406.01666666666665
-393.75
-358.5833333333333
-383.26666666666665
-401.4166666666667
-387.96666666666664
-402.6
-404.1666666666667
-371.56666666666666
-371.3333333333333
-377.8833333333333
-389.31666666666666
-393.26666666666665
-374.9166666666667
-406.73333333333335
-366.56666666666666
-401.96666666666664
-379.93333333333334
-363.43333333333334
-390.51666666666665
-389.4166666666667
-400.65
-393.43333333333334
-382.46666666666664
-393.23333333333335
-395.0
-384.2
-377.43333333333334
-394.03333333333336
-392.76666666666665
-401.3666666666667
-395.03333333333336
-386.5833333333333
-398.25
-381.1166666666667
-355.8666666666667
-354.21666666666664
-369.8666666666667
-380.0
-378.68333333333334
-387.53333333333336
-377.0
-388.31666666666666
-410.9166666666667
-394.1666666666667
-376.98333333333335
-379.26666666666665
-352.5833333333333
-378.1
-402.8833333333333
-372.3833333333333
-383.8833333333333
-381.0
-386.3833333333333
-373.8666666666667
-370.9
-381.95
-363.75
-404.5
-367.18333333333334
-368.3
-365.6666666666667
-354.15
-396.31666666666666
-371.71666666666664
-374.45
-359.1333333333333
-385.93333333333334
-372.3333333333333
-364.18333333333334
-402.2
-355.15
-374.81666666666666
-372.8
-373.5
-382.78333333333336
-367.3333333333333
-359.73333333333335
-371.6333333333333
-353.15
-351.6166666666667
-362.06666666666666
-373.51666666666665
-356.4166666666667
-363.2
-371.6333333333333
-373.1
-359.45
-403.46666666666664
-359.78333333333336
-372.35
-377.0833333333333
-376.3333333333333
-361.85
-361.45
-370.7
-352.18333333333334
-380.93333333333334
-350.3666666666667
-353.51666666666665
-370.95
-362.55
-370.45
-378.68333333333334
-373.8
-365.71666666666664
-355.15
-362.05
-374.8
-371.21666666666664
-371.3833333333333
-364.48333333333335
-356.4166666666667
-360.3833333333333
-363.3833333333333
-359.1166666666667
-323.3666666666667
-358.6166666666667
-369.35
-362.9166666666667
-359.3333333333333
-363.03333333333336
-360.3
-360.5833333333333
-359.15
-351.68333333333334
-359.9166666666667
-358.5833333333333
-335.6333333333333
-379.8666666666667
-336.5833333333333
-343.46666666666664
-353.68333333333334
-361.9
-357.7
-349.96666666666664
-353.53333333333336
-366.43333333333334
-362.6166666666667
-359.15
-364.18333333333334
-346.1166666666667
-344.95
-336.95
-341.5
-333.6666666666667
-338.73333333333335
-375.1
-363.6166666666667
-367.53333333333336
-345.93333333333334
-357.9166666666667
-334.3833333333333
-350.1
-365.35
-347.73333333333335
-367.8666666666667
-363.6666666666667
-332.05
-345.65
-368.3333333333333
-363.15
-370.6666666666667
-345.01666666666665
-345.25
-361.8
-351.4
-354.31666666666666
-359.5
-347.18333333333334
-351.9166666666667
-359.5833333333333
-354.81666666666666
-351.68333333333334
-370.01666666666665
-346.2
-346.35
-342.71666666666664
-331.01666666666665
-328.6666666666667
-346.75
-346.96666666666664
-346.1
-348.28333333333336
-339.9
-348.25
-342.55
-333.28333333333336
-343.1666666666667
-342.8833333333333
-331.6666666666667
-347.25
-341.05
-341.8833333333333
-340.15
-330.8333333333333
