-728.0
-542.0
-494.0
-304.0
-259.0
-352.0
-335.0
-303.0
-289.0
-279.0
-41.0
-248.0
-241.0
-148.0
-177.0
-225.0
-216.0
-225.0
-253.0
-270.0
-212.0
-244.0
-205.0
-179.0
-187.0
-209.0
-205.0
-213.0
-200.0
-112.0
-172.0
-210.0
-208.0
-222.0
-223.0
-280.0
-99.0
-113.0
-191.0
-216.0
-113.0
-50.0
-185.0
-172.0
-174.0
-240.0
-221.0
-156.0
-179.0
-99.0
-172.0
-193.0
-99.0
-103.0
-188.0
-202.0
-213.0
-187.0
-122.0
-213.0
-208.0
-201.0
-189.0
-84.0
-173.0
-172.0
-189.0
-161.0
-237.0
-141.0
-208.0
-183.0
-163.0
-164.0
-184.0
-234.0
-185.0
-183.0
-177.0
-206.0
-190.0
-182.0
-189.0
-157.0
-208.0
-128.0
-212.0
-210.0
-235.0
-104.0
-179.0
-101.0
-116.0
-172.0
-124.0
-129.0
-211.0
-155.0
-181.0
-175.0
-183.0
-141.0
-122.0
-212.0
-133.0
-216.0
-194.0
-219.0
-130.0
-106.0
-170.0
-186.0
-126.0
-145.0
-110.0
-140.0
-153.0
-174.0
-128.0
-167.0
-89.0
-144.0
-226.0
-133.0
-249.0
-123.0
-166.0
-187.0
-167.0
-141.0
-146.0
-8.0
-151.0
-149.0
-91.0
-165.0
-131.0
-101.0
-147.0
-199.0
-150.0
-188.0
-197.0
-154.0
-89.0
-192.0
-132.0
-182.0
-134.0
-156.0
-126.0
-194.0
-194.0
-145.0
-216.0
-135.0
-86.0
-182.0
-85.0
-147.0
-185.0
-149.0
-195.0
-70.0
-181.0
-151.0
-107.0
-117.0
-163.0
-167.0
-111.0
-133.0
-67.0
-197.0
-186.0
-162.0
-122.0
-186.0
-69.0
-114.0
-174.0
-81.0
-119.0
-167.0
-104.0
12.0
-144.0
-154.0
-104.0
-175.0
-129.0
-159.0
-140.0
-160.0
-173.0
-129.0
-167.0
-146.0
-107.0
-113.0
-174.0
-178.0
-118.0
-66.0
-124.0
-187.0
-87.0
-150.0
-166.0
-159.0
-166.0
-119.0
-120.0
-111.0
-155.0
-90.0
-179.0
-50.0
-183.0
-154.0
-163.0
-179.0
-169.0
-62.0
-184.0
-165.0
-102.0
-176.0
-193.0
-155.0
-98.0
-186.0
-60.0
-153.0
-70.0
-159.0
-129.0
-158.0
9.0
-137.0
-151.0
-119.0
-162.0
-108.0
-137.0
-183.0
-85.0
-180.0
-144.0
-100.0
